.Random.seed <-
c(403L, 10L, -108100001L, 1820553446L, -1663356048L, -919595885L, 
-859107023L, -460851232L, 2143616126L, -243667191L, -2114342597L, 
120395018L, -1469559572L, -640435857L, -1353892187L, -1326411684L, 
1516128306L, -1869971667L, -277606937L, -1777626866L, -503974168L, 
2015828203L, -944907895L, -1569183464L, -1557152698L, -1914534751L, 
1116302131L, -130870622L, -292820588L, 2006939671L, -641392627L, 
1532290340L, 1364746506L, 1146509429L, 649491407L, -1484503850L, 
265442432L, 2091166403L, -2072169375L, -2074250032L, 333964846L, 
634738649L, 732264427L, 950660698L, 677603356L, 531461407L, 303052149L, 
-1388739572L, 1952957922L, 1286649533L, 1742836023L, -1019628066L, 
293792536L, -578723205L, -172847079L, 1857505448L, 1167010390L, 
1900451537L, 677287555L, 2146372882L, 290166948L, 892442727L, 
1749539261L, -629329100L, 1620318362L, 1748385509L, -1509664641L, 
-1168895482L, -260932208L, 336814131L, -396750895L, 1678280064L, 
1210239070L, 2032560041L, -2075140517L, 49676906L, 230338316L, 
-1181136561L, 131592709L, -1914740548L, -1671935598L, 525869709L, 
-1320087353L, -463395410L, -99897336L, 495903755L, 112107753L, 
-358817864L, 996636774L, 1582819585L, 878944147L, 462417986L, 
-1452394508L, -1346805257L, 1633002989L, 1233905284L, 1712609450L, 
-571169259L, -413566289L, -120180554L, 1522298592L, -735661533L, 
341302593L, -1465655248L, -866502066L, -1583120711L, -2023601461L, 
-761820294L, 1932933756L, 1958268607L, -1245415531L, -1876889684L, 
-1839190654L, 486273885L, -966992297L, -1120338626L, -1160540808L, 
1048780379L, -1458554439L, 272796680L, -1799645514L, -1952078351L, 
-359760861L, 1185879154L, 2016396996L, -388767609L, -1931369379L, 
294341204L, 387293306L, 1378329541L, -738536161L, 613545126L, 
1466648112L, -661250861L, -840953103L, 1327702560L, -1481096002L, 
826519753L, -938151301L, 944887882L, -788387668L, -1810804817L, 
-1180656795L, -1938820836L, -968230542L, -1009522195L, -131891673L, 
-1496994226L, 1132483240L, 2076635307L, -1255499319L, -556796456L, 
680461446L, 991717729L, 1990110451L, 1200952162L, 1848843732L, 
-16181033L, -352326963L, 926562916L, 641724490L, 1972581813L, 
760699151L, -1316026858L, -2007711552L, 176805507L, 667521697L, 
-1453083504L, 623959918L, -1936410343L, 1204214187L, 1819391898L, 
625125212L, -160860577L, 17925685L, -1389550132L, 1713153314L, 
-682389635L, 2131764343L, -706274914L, -1979019176L, -1160344133L, 
-112286887L, -1448292120L, 1088745750L, 1806668433L, -965877949L, 
1714534994L, 1084345572L, 329963303L, -1968876675L, 1493640820L, 
-1144842150L, 1177346213L, -2141535553L, -32630458L, 118960080L, 
-1845909005L, 1259947281L, -1353064128L, 1073172766L, 673441257L, 
1816061723L, -503049942L, 769886796L, 552490511L, -498812603L, 
1382654716L, 197744978L, -410226995L, -2045688185L, -49655442L, 
238005064L, -505417909L, 1808643753L, 1464372216L, 1728557862L, 
-46402495L, -609348141L, 294721410L, -1647158348L, -555240649L, 
612717101L, 629363524L, -154453910L, -1556356395L, 470326383L, 
-7629450L, -1238425952L, -1822702462L, -1853684800L, -1943459524L, 
1740131984L, -1513171934L, 1413251080L, 848241804L, 1891785756L, 
-475242350L, -1306338176L, -1273803756L, 1314871080L, -1742159814L, 
549574864L, 1459998828L, 2029061812L, -347911150L, 2139972576L, 
-57871412L, -1520412192L, -225630174L, 1378004264L, -614747892L, 
839864892L, 1890560242L, 1166486768L, -1572651196L, -1474601896L, 
-278139334L, -1158235920L, 1789691580L, -2016861676L, 757200066L, 
2142452320L, 1143959932L, -1089655600L, -36638686L, 1513444520L, 
867447180L, -1067122244L, 19385394L, -877514944L, 142461620L, 
-1344860856L, 1605514938L, 478984976L, 2075871468L, -1502827436L, 
1606812434L, 376565152L, 1441339340L, 128838496L, -1593365310L, 
-1153064408L, 822058412L, -723836100L, 831893362L, -713547984L, 
72514596L, -1225829832L, 1950271194L, 294183824L, 333189372L, 
-255891052L, -746800318L, 2076815872L, -496929732L, -143414704L, 
-419933022L, -283433144L, 965928460L, -890267940L, -896638894L, 
-1104539520L, 1946334036L, 1319556072L, 2115654394L, 251793232L, 
-644575188L, -477654668L, -1976702318L, 1266045536L, -2120975220L, 
-329568928L, 1955823842L, 1175083176L, 1261486796L, -1573239300L, 
82073522L, -2004701200L, -1439105596L, 1749387608L, 1808575866L, 
-636363344L, 309647804L, 1545038420L, -2116276798L, 1417284384L, 
27503548L, 1476179024L, 821581794L, 1687427944L, -900274356L, 
606329596L, -771976462L, 1308111104L, 1434801268L, -1510082040L, 
-269442630L, 1215740368L, -1019718676L, -1522165868L, -1994414894L, 
83267680L, -1932265140L, -1610866912L, -1802296702L, -858525208L, 
-865172500L, 1488764476L, -899280270L, -911419536L, 1472479524L, 
1824095800L, -21287526L, -37382704L, 998240700L, -1036019052L, 
-1322109310L, -812418624L, 1113857852L, 1011173008L, -750697694L, 
-603804152L, -1616009460L, -1048420452L, -944572398L, -1581268096L, 
-880885996L, 740829480L, -1971111878L, 1934878672L, -320699796L, 
23807028L, -1029411694L, 857683296L, 536453452L, -1876909600L, 
-1183238238L, 177102760L, 471583884L, -750621764L, 1843888242L, 
-850291728L, 125239364L, 2023380056L, -1040824262L, -121143184L, 
2024704572L, -189363436L, 1494802114L, 1575329504L, -1416035204L, 
-268341040L, 579478434L, 677372456L, 1564974348L, 501033916L, 
1252363570L, -317291328L, 456998452L, 1325524680L, 804753082L, 
1897302160L, 2045602540L, 631628372L, 893642386L, 70392608L, 
-2014127156L, 887174368L, -483099966L, 2074886184L, 1604723628L, 
-1923673412L, -1867784718L, -1302516176L, 1936541604L, -473979464L, 
-1151924390L, -512374640L, -1614617732L, -1252435180L, -1417707198L, 
307159808L, 1716529084L, 1095377744L, 1283190050L, 586094152L, 
841721868L, -1166014372L, 89936338L, 1695625728L, 1607203156L, 
-760052504L, -1081295622L, -866689328L, 513680684L, 979093748L, 
-677065326L, 1434947936L, 1363726348L, 1521710816L, 571026018L, 
-445454680L, 764184140L, 480863100L, -1795889870L, -1837697424L, 
-735933628L, 109872088L, 1323683706L, -935753168L, -584258628L, 
940560980L, 1096713282L, 1406894240L, -347587908L, 651829809L, 
-397855581L, 369162404L, 860571986L, 1493333159L, 386707697L, 
-1702148042L, 2049013972L, 523127909L, -2076752273L, 771868840L, 
1264047622L, 917288755L, 1232712597L, -9959438L, 1665303616L, 
2098314665L, 510759963L, 765530604L, -612783622L, 395644463L, 
1440832057L, 1624945742L, 773045404L, -2142360051L, 1478972023L, 
624075392L, -747349794L, 163853227L, -602358611L, -192216806L, 
-640469544L, -1311822271L, 1760912627L, -1986137324L, -9944414L, 
1117748151L, 442668929L, -723133050L, -729894972L, -397298955L, 
-1616320673L, -321934920L, -790114154L, -1241942365L, 769972325L, 
-1549111934L, -1515925776L, -1848384871L, 1184761483L, -421910660L, 
272034218L, 1895883231L, -1278691479L, -1313308802L, -999831700L, 
-877134915L, -276436857L, -2014288784L, -1691558130L, -842030021L, 
946989853L, -1061379638L, -269186328L, 1203404241L, 996847555L, 
328038596L, -275544206L, 1157642823L, -1552004591L, -1585101930L, 
-976124172L, 2016028805L, -1006002737L, -2063718200L, 1733968230L, 
-497912941L, 47414517L, 1738661074L, -317355232L, 596378377L, 
1629430843L, 1598925196L, -421445606L, -1849037681L, 1715999705L, 
-1402710930L, -1509492740L, -163025555L, -548952297L, 538089184L, 
1549067454L, -1330924917L, -1802307315L, -1478267590L, 251653496L, 
585754401L, 685146067L, -732436748L, 1794373506L, -2037637609L, 
1014052065L, 1361334822L, 1469420324L, 1013267413L, 1568922495L, 
-466625000L, -462789322L, 776387523L, 562635269L, 576616866L, 
-843498096L, 15551801L, 1824721387L, 1352157916L, -19386614L, 
1561141759L, -1346607031L, 833225182L, 297068940L, 750552413L, 
-420649625L, -1854851440L, 2034096302L, 972462427L, -1084371651L, 
-1962442838L, -488400824L, 387313777L, -1212342813L, -416130844L, 
500954130L, 1743683559L, -1050564687L, 522402294L, -277740524L, 
941456165L, -992994257L, 450301416L, 1946561222L, 1701950323L, 
95239125L, 1655522226L, 1956599168L, 815828329L, 1497326043L, 
-1306703572L, -1432032454L, 1055294959L, 1714331769L, -324531442L, 
