.Random.seed <-
c(403L, 10L, -755039205L, 995548537L, -865162296L, -1892206602L, 
1058904625L, -1929999261L, -1529777102L, 1288573316L, 660117447L, 
-1503421795L, -1167300076L, 2000259258L, -259566331L, 2101182175L, 
927499110L, 1378116336L, -100367853L, -1155159119L, -1086990752L, 
1649923070L, -1300477047L, 1947966651L, 328079498L, 434342764L, 
565784815L, -1279993051L, 1878771164L, 630039474L, -1128822099L, 
-1659313561L, 538657166L, -1497299352L, -1092734357L, -1462891511L, 
-1253199208L, -2102868538L, 2053817633L, 80143795L, 784380194L, 
2057636628L, -1468910697L, -2006566003L, -200816988L, -1997723510L, 
606883573L, -1107177137L, -953999786L, -489814784L, -488710077L, 
-440888351L, -2060735664L, -1458389586L, 1906791257L, 341481835L, 
-1737490214L, -1039029860L, -1253395041L, 2123630581L, -1911093620L, 
792802146L, 1563351869L, -1679602761L, -1492320162L, -1521754728L, 
-498382597L, 887887001L, -1062619864L, 1792971734L, 1705805905L, 
-324957437L, -824784238L, -143402972L, 126674663L, -1030792387L, 
-633994316L, 2094354458L, -27446427L, 1017712127L, 1965817990L, 
-1009447920L, 833056435L, -231260847L, 2099975424L, 2023522270L, 
-743670743L, -1477305381L, 560505066L, -107843956L, -1998851633L, 
-1776302715L, 1695997500L, 2018358034L, 99913741L, -616688825L, 
40233262L, -870055800L, -1172601461L, -983655063L, -51294408L, 
716386790L, -1944869503L, -1902151405L, 492484290L, -1423462028L, 
663800183L, -1274856851L, -401967868L, 1780371498L, 1136430485L, 
834343471L, 1830936374L, -101933216L, 19424675L, -1497051455L, 
729048752L, -1913339442L, 244200761L, -1230460597L, 391912186L, 
-1092641796L, -1398416321L, -367737579L, -352178644L, 378090242L, 
1886654429L, 129731287L, -13531714L, -289062920L, -1531806757L, 
-2097744327L, 1053155208L, -1648648394L, -1340908175L, -1460815965L, 
1411284722L, 234792516L, -229963513L, 1244025053L, -158108204L, 
-445011718L, 1578455109L, 852523167L, -1851186650L, 1803646640L, 
2024774483L, 1256879729L, -2050278496L, 279784254L, 1150464585L, 
-1663867141L, 957535946L, 963848236L, 33189935L, 1242927333L, 
-488113764L, 2130936818L, 1001455213L, 198011815L, 818206158L, 
1647166248L, -449361621L, -1839344823L, -1185220520L, 2104876294L, 
-960218911L, 118927475L, -111178526L, -114205612L, -460644009L, 
1274265933L, -819145500L, -79746870L, -34896587L, -1871451249L, 
-1099222890L, 1256501312L, -830039805L, -1762790111L, 2078414352L, 
-801831442L, 62716313L, -1308903893L, 1757331226L, -603593252L, 
1407945695L, 682933173L, 1138845004L, -539749470L, -2147132675L, 
-210934793L, -1374511842L, -87203880L, -758943429L, -1500748071L, 
-981755288L, -1590367338L, 695766801L, 1223260355L, -1062991662L, 
-929288860L, -194088793L, -674699779L, -266553356L, 845103322L, 
1261507109L, -391147713L, 975649990L, -306745008L, -817323661L, 
497716113L, 442334656L, -1967966306L, -1111094935L, -1168062053L, 
680680618L, -1870247220L, -1221094513L, 1344546757L, 1396583292L, 
-623905838L, -556276915L, -1101078009L, 201564654L, -1389151032L, 
-1504996405L, -928205271L, -731530120L, 1493311136L, 697553282L, 
50936040L, -253461780L, -1037294276L, -72920974L, 756208240L, 
363498020L, -1287153608L, -1984255718L, 1870120144L, 919308604L, 
1944773524L, 935065474L, -1571648576L, 82904636L, 1623204240L, 
-2115626974L, 1414866184L, 250730636L, 294194972L, 1662350482L, 
-1436265088L, 60624916L, -133294296L, -1736153542L, -1171099184L, 
758036844L, 677966772L, -909456878L, -1176590368L, -1907889716L, 
1510717664L, -390296542L, 1075368744L, -560326132L, -1434057924L, 
2021367794L, -1963379984L, 1236146756L, 813133400L, -1306060998L, 
253915120L, -921165124L, -1311304428L, -1819943742L, 1792519264L, 
-569133700L, 1412354000L, -859676382L, 883447464L, -24250484L, 
-472124228L, 2080738098L, 2064746048L, -1772694348L, 931152968L, 
644875706L, 303917584L, 737967340L, -65633964L, -1104219374L, 
1321700768L, -2138244404L, 2140027488L, 956997570L, 2074948392L, 
867064236L, -1733268164L, -285951118L, 901840176L, -777877724L, 
-923253448L, -1545738534L, 1676902288L, 2045000444L, 1924385684L, 
1072276546L, -519621376L, -616179652L, -230425264L, -1037437790L, 
-956323000L, 487628556L, 279477980L, -728543406L, -760957312L, 
-617326508L, 2003411944L, -1304880390L, -1209596592L, 1420521260L, 
-1766349964L, -856657006L, -1217527200L, -1983105140L, 533755744L, 
-776752158L, 506440616L, 193608908L, 413121020L, -1304721486L, 
-1409477136L, -872139324L, -683259560L, -195371654L, 248774064L, 
416117692L, -708042668L, 678645698L, -1005826016L, -935964484L, 
-2138944944L, -37750814L, -825598360L, -1494348212L, -419086084L, 
-116848654L, -1488591616L, -304524428L, 1753747464L, -783183430L, 
1653222864L, 1707275244L, -1004590188L, 1012640722L, 320178016L, 
-451731124L, 84111648L, -677077118L, -875215128L, -292800276L, 
1474991676L, -1898622094L, -286779792L, 1368597540L, 1056177976L, 
1384446106L, 1250467536L, -310403908L, -151483756L, 2012697218L, 
1329373376L, 1831261500L, -1698744176L, 1421227554L, 599077384L, 
39337228L, -351317348L, -2038479342L, -1703851648L, 296098324L, 
-527643096L, 949940538L, 345766864L, 1595178604L, -1978838220L, 
1656984210L, -1256839840L, 1381047628L, 898814944L, -423628894L, 
1937768360L, 409814924L, 1356483260L, 948589426L, 729737456L, 
-601226172L, 267240792L, 1519042618L, 844387184L, -1396067268L, 
931732244L, -1894062654L, 743759072L, 1074265980L, 96884432L, 
-949998942L, -1064172504L, -839732980L, -347530308L, -906552014L, 
-2141698112L, -2122803660L, -89939000L, 1827781818L, -1453801584L, 
-828145172L, 2020734036L, -1895069038L, 1991387936L, -1744492084L, 
1968329696L, -639316286L, 1661064744L, -2085417300L, -2101297476L, 
129335794L, 652259632L, -586864476L, 2079496888L, -270526630L, 
383241616L, 965680508L, -1166292716L, -533363390L, -1552928000L, 
-2050055236L, 2054157136L, 1853267234L, -934442680L, -1467114484L, 
1656321116L, -1422949166L, -2127793152L, -1326594220L, 1473657320L, 
1083859962L, -1675345200L, -514224852L, 489407732L, -1498606702L, 
-2059856800L, -359147252L, 1530516192L, -300081822L, 539948712L, 
875796810L, -857614017L, 1628184457L, 1097711518L, -92361140L, 
875673629L, 317499815L, -364368688L, -772215186L, 1377319195L, 
162650749L, -1792974742L, 1287507208L, -92702287L, -2009043421L, 
-1857541340L, 1841683410L, 1831757863L, 39133809L, -233224010L, 
1182953556L, -219262747L, -1272492817L, -1478451160L, -793848698L, 
936795827L, -571449323L, -147705230L, 295100096L, 1452225321L, 
-1151868517L, 1370748524L, 1187658362L, 1820679087L, 171556537L, 
2071245006L, -1489638884L, -461676147L, -2000900105L, -1491488000L, 
26773854L, 2045962795L, 1792746797L, 207337882L, -1800374440L, 
480181953L, 1412030835L, 1874569876L, 1961324322L, 173996599L, 
1325567745L, 1761846790L, -1089291196L, -338608779L, 1645084895L, 
837649464L, 255992854L, -1919859677L, 96478181L, -1877055998L, 
-153695120L, 170580505L, 1585247243L, 2105366268L, 1634594602L, 
-1013800609L, 462485737L, -1439490050L, -728140820L, 95565629L, 
193637127L, 917824240L, -327816562L, 499295419L, 1540157597L, 
-1260733366L, 1411753576L, -1629042095L, -2106754749L, 202117188L, 
-2072616206L, 445598407L, -81500015L, -1310788074L, 1404605556L, 
914722565L, -2126824113L, 1586995016L, 357496550L, 1190098963L, 
-373907595L, -873296046L, -1772034144L, 1246503561L, -1032173893L, 
491898124L, 1754531994L, 888090127L, 1556736601L, -1758492946L, 
2021758332L, 132060653L, -224021865L, 652856672L, -326985410L, 
113533451L, 1534531213L, -503661638L, -1860406792L, -237445727L, 
-366038189L, 198253172L, -76039166L, 326971031L, -791373727L, 
1264235686L, -162847580L, 456615253L, -515191297L, 1021715608L, 
1483977142L, 1781271107L, 1419849605L, -315724766L, -584040688L, 
-2045691207L, 709504875L, 1228312156L, 2056057738L, 2090101631L, 
-579627319L, 465821534L, 2081784844L, 1451484125L, -262895897L, 
-2005539056L, 808629806L, -1591743269L, 1992147389L, 2020990762L, 
-1896249400L, -1658929935L, 1422439011L, -1373219228L, -1408655982L, 
-1239696793L, 1078645297L, -1445789834L, -270343020L, 634837669L, 
